10
19
2
55
17 5
11 14
9 1
7 15
8 7
13 17
1 3
1 11
9 16
10 4
10 12
1 13
17 1
10 2
5 15
7 19
11 4
15 15
5 4
6 4
2 10
2 17
12 8
2 2
6 7
9 1
6 19
19 2
12 13
9 5
8 18
15 8
14 7
14 1
12 13
16 13
9 14
15 18
3 3
12 4
13 9
12 1
4 6
5 17
14 19
9 12
18 6
14 5
12 10
11 6
4 16
4 7
13 8
19 12
12 14
11
3
23
8 2
3 4
8 4
10 10
4 5
10 3
1 3
4 3
3 2
3 7
10 8
1 1
10 1
6 6
5 7
2 6
11 10
7 1
8 8
6 7
3 1
6 7
10 6
12
1
36
9 8
8 8
9 4
3 9
11 7
9 4
1 9
6 1
8 1
1 9
8 2
10 3
5 5
8 12
8 10
3 11
6 7
4 3
12 9
1 1
9 8
10 2
11 5
7 8
11 12
10 4
12 11
9 2
8 1
5 10
1 9
10 9
11 4
12 9
1 3
11 7
10
2
26
5 10
6 2
5 8
7 1
6 6
5 3
2 4
9 8
9 2
3 1
7 1
5 3
8 6
5 8
8 8
9 4
10 1
8 10
1 4
3 6
8 1
6 6
8 7
7 2
3 9
5 8
11
1
29
1 11
8 9
3 4
3 4
10 6
1 1
10 7
8 7
4 4
7 2
1 9
2 4
5 5
2 5
7 8
6 9
2 5
2 6
1 9
11 5
1 6
6 5
3 2
3 5
4 11
3 4
7 5
2 7
11 2
6
1
14
1 6
4 4
4 4
5 5
5 3
2 5
3 6
3 3
3 6
4 3
3 1
4 2
4 1
1 6
7
3
15
1 2
2 3
3 4
7 1
1 6
3 7
6 5
2 5
5 3
3 1
1 1
7 3
2 4
2 3
2 3
19
3
51
15 14
14 13
17 10
17 5
13 19
11 11
16 10
4 14
15 2
19 8
9 3
18 13
10 18
1 16
3 16
16 2
12 8
4 14
5 4
12 12
1 14
13 11
7 14
6 8
18 17
10 9
18 18
7 10
9 2
3 1
12 18
15 8
19 4
17 6
5 13
1 10
2 15
15 9
15 7
8 14
8 8
3 10
14 11
5 19
6 14
17 19
12 7
16 2
10 17
19 3
3 11
15
3
45
14 5
13 2
4 11
3 3
3 8
1 15
5 6
14 6
14 13
2 11
2 4
3 3
11 9
2 4
8 8
15 2
14 12
10 2
10 7
1 6
2 7
2 9
3 9
7 14
2 10
15 2
11 3
1 5
2 12
4 14
14 4
13 11
10 13
1 2
6 9
7 12
4 11
15 10
9 1
4 9
2 15
4 4
10 15
6 4
1 7
8
3
22
1 5
3 6
2 6
6 7
3 4
4 6
1 1
8 6
6 7
1 7
8 4
7 5
7 4
6 6
6 1
7 8
2 4
4 8
4 3
7 7
1 5
3 1
